12.7897230013411 0.325689472 0.323313536
12.05288502423787 0.322311936 0.32014928
11.78175140373466 0.321271104 0.319454896
11.26022552454908 0.322027304 0.320576592
10.66248278513859 0.326057104 0.324679768
10.27747446113192 0.324878688 0.323700496
10.27075047463574 0.325805808 0.32459244
10.23742420728862 0.325136944 0.323998832
9.959524690477918 0.32400912 0.323023448
9.922242264051516 0.325383656 0.324361448
9.880809353069377 0.324509024 0.323562336
9.676324808767918 0.323390184 0.32253168
9.62001691197482 0.3244378 0.323578864
9.599966822131574 0.323439888 0.322628024
9.492535480222 0.32237148 0.32163252
8.627187172310498 0.325391336 0.324900176
9.36048709065234 0.323978672 0.323225448
9.383721074249392 0.322702632 0.32198932
9.272829205935688 0.321749984 0.321103584
8.514564439663365 0.325265008 0.324814592
9.143739191767741 0.32299716 0.322374872
9.174556598589533 0.321795952 0.321184056
9.142287466537534 0.320703992 0.320123824
8.44271187232063 0.324857032 0.324441936
8.021010824047007 0.321880672 0.321594808
8.962693339228267 0.322750616 0.322209656
9.017241574526677 0.321214784 0.320668648
8.623617442466635 0.32601012 0.325516256
8.370474769842946 0.324687296 0.324303104
8.019798518719025 0.32211348 0.321852432
8.861581698468482 0.321338888 0.320845568
8.887523872455635 0.320257544 0.31976652
8.447649396090712 0.325657928 0.325217344
8.244736189731457 0.324136624 0.323790888
8.020079433027306 0.32162204 0.321371176
8.755348477385008 0.320901992 0.320463224
8.390464605982503 0.325934112 0.325508528
8.369661487557945 0.3252844 0.324881424
8.165350059919923 0.323953832 0.323635072
7.985012827174327 0.321523056 0.32128324
8.304731421062765 0.326116408 0.32573416
8.29762652161723 0.3254516 0.325075896
8.278373289602849 0.324712664 0.324361696
8.15587637744918 0.323269632 0.322969184
7.915275796504551 0.321190576 0.320958144
8.176873509481842 0.325654176 0.325308312
8.191449267851114 0.325135648 0.324790808
8.163154040405267 0.324376504 0.324046808
8.044613460247572 0.323084328 0.322795496
7.905306777834809 0.3209428 0.320734072
8.08923866317238 0.325210848 0.324887264
8.096103194993532 0.324854048 0.324558736
8.142726639417448 0.323811104 0.323514048
7.991575410214341 0.322478648 0.322210464
7.87178471251565 0.3203702 0.320158232
8.019432184562872 0.325189328 0.324889792
8.033332897536924 0.324383648 0.324096624
8.029706498460119 0.32350764 0.323230496
7.936194169276706 0.322314864 0.3220808
7.867136131912115 0.320553296 0.32035808
7.978146954803879 0.324371536 0.324105296
7.976708996906261 0.323700128 0.323429944
7.994152397043615 0.322952424 0.32269772
7.911781163575062 0.321493744 0.321270624
7.491345565780011 0.325688712 0.325518352
7.907566661115966 0.324027648 0.32378868
7.933829705171481 0.323312528 0.323074744
7.959446394739821 0.322602328 0.32235852
7.831649398653033 0.321354184 0.321138112
7.455143517880124 0.325739128 0.325569224
7.879946706922522 0.323413896 0.323191736
7.900095500111425 0.322631808 0.322402808
7.846947797750313 0.322377592 0.32215436
7.814214497977222 0.320611712 0.320407424
7.516729120606123 0.324976424 0.324807216
7.730331464805852 0.323436992 0.323224984
7.77961363110084 0.32289732 0.322679264
7.806195632447602 0.321998368 0.32179316
7.792366704279723 0.320528656 0.32034204
7.446135982657136 0.324800912 0.324645176
7.687222999605023 0.322722896 0.322527416
7.750962008072855 0.322028936 0.321826112
7.830328539671854 0.321201472 0.321009664
7.462999300397477 0.325896168 0.325730128
7.37007915323806 0.325125432 0.32496548
7.729082905383494 0.322907088 0.32272812
7.743589403650877 0.321558384 0.321382896
7.705524922715373 0.32127364 0.321093944
7.407656965208947 0.325875512 0.325710432
7.393688876452539 0.325100792 0.324954624
7.645659120274531 0.321874424 0.321704272
7.70468514135379 0.321047272 0.32087524
7.674916374802024 0.32046972 0.320292592
7.364851237540464 0.32563136 0.325479728
7.306005665495259 0.324627856 0.324494568
7.620199967230378 0.321722824 0.321544568
7.641953434384727 0.320932432 0.320757496
7.38133253179054 0.325707048 0.325549792
7.3333443389399 0.325455664 0.325299112
7.331587249496129 0.32416124 0.324031184
7.631668481317317 0.321183912 0.321027136
7.645894828461191 0.320211312 0.320060712
7.40573485429873 0.32542168 0.325282544
7.36188156748565 0.32487988 0.324741272
7.573798883974558 0.321284912 0.321137464
7.368124349124818 0.326207976 0.32607268
7.326485185940062 0.325634632 0.325496488
7.322759775946432 0.324548312 0.32442508
7.60836039826478 0.320024176 0.319883936
7.298242843409063 0.325618632 0.32549264
7.38274900390052 0.324918888 0.32479088
7.304284906310305 0.32438824 0.324264336
7.260273698155375 0.3261502 0.326018768
7.270240832949531 0.325680616 0.325565144
7.232140062670593 0.325128048 0.32500888
7.261241791908976 0.325871152 0.32575496
7.253009940148109 0.325383504 0.325251016
7.263238171751884 0.324791448 0.32466008
7.202825149237438 0.325296048 0.32517532
7.294399028075586 0.324774264 0.324668488
7.205527166090222 0.324850816 0.324739064
7.162235296902464 0.325286872 0.325179328
7.219444946555445 0.324868904 0.324759272
7.203288693252449 0.325286992 0.325182776
7.17950254282746 0.32467892 0.324572248
7.187843910464271 0.324995504 0.324895184
