1.899468549389053660e+05
1.898016709851339401e+05
1.984026003447296680e+05
1.984228671519136406e+05
1.901162918635882088e+05
1.702818466785781493e+05
1.900677580876441498e+05
1.786882272520972183e+05
1.700571004489295301e+05
1.698496480860586453e+05
1.591938845597180771e+05
1.504428907349876245e+05
1.586147043421945418e+05
1.503332056526367087e+05
1.391985679280041077e+05
9.847874376234781812e+04
1.493368179927484598e+05
1.307725923954953323e+05
1.191905235976111144e+05
7.754761281606960983e+04
1.287848491721305181e+05
1.288191378039424017e+05
1.105536793751568184e+05
7.748988467982427392e+04
2.925002825859023505e+04
1.261186332497277617e+05
1.087612914209074370e+05
9.029987075058814662e+04
6.059301519221726630e+04
1.684701240966199839e+04
1.048230807781127078e+05
1.050429627635242359e+05
8.747759849097173719e+04
5.701606299151986605e+04
1.679313461232230111e+04
9.969534814608198940e+04
8.560233411430142587e+04
6.960200474245939404e+04
3.923063837258561398e+04
-8.234745202920314114e+03
7.929677250382772763e+04
7.939360881151785725e+04
6.328299949770353851e+04
3.604740702646540740e+04
-8.044498019279359141e+03
5.926304434975856566e+04
5.557859416595770017e+04
4.863416205027546675e+04
1.742535449211318701e+04
-2.381684239112983778e+04
4.547057041110350838e+04
3.488092425999567058e+04
4.041971659180920688e+04
1.470825570743864409e+04
-3.304834851378056192e+04
2.320358586650713187e+04
2.074627172194626473e+04
2.739073331533181408e+04
-4.363908695411190820e+03
-4.969572897036347422e+04
8.745723439791087003e+03
8.771413101696774902e+03
8.770943394677122342e+03
-6.825159782469259881e+03
-4.971243505500338506e+04
-5.522758953367233516e+03
-3.351980003616037266e+03
-1.244141213085990239e+04
-2.624299305486590674e+04
-7.245289810819520790e+04
-1.734890718374485732e+04
-1.731801312501345092e+04
-2.586203289979370675e+04
-2.822300126144078240e+04
-5.823207029583815165e+04
-3.363222158778052835e+04
-4.158882667968978058e+04
-3.395542173618176457e+04
-4.777144240961299511e+04
-7.812046630870806985e+04
-5.846810861838232086e+04
-4.247063818586042180e+04
-4.897576663029220072e+04
-4.909146708882426901e+04
-7.971400283430330455e+04
-5.988586648165647057e+04
-6.619338096557896642e+04
-5.498185156033454405e+04
-6.690226877468358725e+04
-1.023531993717205478e+05
-8.397455298914971354e+04
-8.400605300699576037e+04
-7.093580275703780353e+04
-6.814702919309503341e+04
-1.024204726725020300e+05
-8.670915486500924453e+04
-8.880189854632306378e+04
-7.475773954128986225e+04
-8.723880774316942552e+04
-1.062543882921446493e+05
-1.098250251685271214e+05
-9.074997283491265262e+04
-9.247759745673001453e+04
-8.864495321988430806e+04
-1.099610266611657426e+05
-1.131327698404701514e+05
-9.531782648579509987e+04
-1.062473128470765951e+05
-1.323103308486663736e+05
-1.130687284576227685e+05
-1.141843927354015905e+05
-1.074831296610816789e+05
-1.320579948388320627e+05
-1.340049149366912898e+05
-1.149784055468554870e+05
-1.480377421792852401e+05
-1.336814001213986194e+05
-1.290246733899727551e+05
-1.478691806470011652e+05
-1.479703393825316161e+05
-1.279870443148949416e+05
-1.466561085403868055e+05
-1.479236525514450332e+05
-1.462259651698480011e+05
-1.478655234720490698e+05
-1.478004838559907512e+05
